FCFS:
CZAS OCZEKIWANIA	SREDNI CZAS OCZEKIWANIA
0	0.0
5	2.5
10	5.0
15	7.5
20	10.0
25	12.5
30	15.0
35	17.5
40	20.0
45	22.5
50	25.0
55	27.5
60	30.0
65	32.5
70	35.0
75	37.5
80	40.0
85	42.5
90	45.0
95	47.5
100	50.0
105	52.5
110	55.0
115	57.5
120	60.0
125	62.5
130	65.0
135	67.5
140	70.0
145	72.5
150	75.0
155	77.5
160	80.0
165	82.5
170	85.0
175	87.5
180	90.0
185	92.5
190	95.0
195	97.5
200	100.0
205	102.5
210	105.0
215	107.5
220	110.0
225	112.5
230	115.0
235	117.5
240	120.0
245	122.5
250	125.0
255	127.5
260	130.0
265	132.5
270	135.0
275	137.5
280	140.0
285	142.5
290	145.0
295	147.5
300	150.0
305	152.5
310	155.0
315	157.5
320	160.0
325	162.5
330	165.0
335	167.5
340	170.0
345	172.5
350	175.0
355	177.5
360	180.0
365	182.5
370	185.0
375	187.5
380	190.0
385	192.5
390	195.0
395	197.5
400	200.0
405	202.5
410	205.0
415	207.5
420	210.0
425	212.5
430	215.0
435	217.5
440	220.0
445	222.5
450	225.0
455	227.5
460	230.0
465	232.5
470	235.0
475	237.5
480	240.0
485	242.5
490	245.0
495	247.5
500	250.0
505	252.5
510	255.0
515	257.5
520	260.0
525	262.5
530	265.0
535	267.5
540	270.0
545	272.5
550	275.0
555	277.5
560	280.0
565	282.5
570	285.0
575	287.5
580	290.0
585	292.5
590	295.0
595	297.5
600	300.0
605	302.5
610	305.0
615	307.5
620	310.0



SJF:
CZAS OCZEKIWANIA	SREDNI CZAS OCZEKIWANIA
0	0.0
5	2.5
10	5.0
15	7.5
20	10.0
25	12.5
30	15.0
35	17.5
40	20.0
45	22.5
50	25.0
55	27.5
60	30.0
65	32.5
70	35.0
75	37.5
80	40.0
85	42.5
90	45.0
95	47.5
100	50.0
105	52.5
110	55.0
115	57.5
120	60.0
125	62.5
130	65.0
135	67.5
140	70.0
145	72.5
150	75.0
155	77.5
160	80.0
165	82.5
170	85.0
175	87.5
180	90.0
185	92.5
190	95.0
195	97.5
200	100.0
205	102.5
210	105.0
215	107.5
220	110.0
225	112.5
230	115.0
235	117.5
240	120.0
245	122.5
250	125.0
255	127.5
260	130.0
265	132.5
270	135.0
275	137.5
280	140.0
285	142.5
290	145.0
295	147.5
300	150.0
305	152.5
310	155.0
315	157.5
320	160.0
325	162.5
330	165.0
335	167.5
340	170.0
345	172.5
350	175.0
355	177.5
360	180.0
365	182.5
370	185.0
375	187.5
380	190.0
385	192.5
390	195.0
395	197.5
400	200.0
405	202.5
410	205.0
415	207.5
420	210.0
425	212.5
430	215.0
435	217.5
440	220.0
445	222.5
450	225.0
455	227.5
460	230.0
465	232.5
470	235.0
475	237.5
480	240.0
485	242.5
490	245.0
495	247.5
500	250.0
505	252.5
510	255.0
515	257.5
520	260.0
525	262.5
530	265.0
535	267.5
540	270.0
545	272.5
550	275.0
555	277.5
560	280.0
565	282.5
570	285.0
575	287.5
580	290.0
585	292.5
590	295.0
595	297.5
600	300.0
605	302.5
610	305.0
615	307.5
620	310.0
