FIFO:		
OBECNA STRONA	KOLEJKA	ILOSC BLEDOW
10	(10, 0, 0)	1
18	(10, 18, 0)	2
21	(10, 18, 21)	3
5	(5, 18, 21)	4
4	(5, 4, 21)	5
2	(5, 4, 2)	6
8	(8, 4, 2)	7
33	(8, 33, 2)	8
30	(8, 33, 30)	9
36	(36, 33, 30)	10
38	(36, 38, 30)	11
15	(36, 38, 15)	12
22	(22, 38, 15)	13
27	(22, 27, 15)	14
12	(22, 27, 12)	15
24	(24, 27, 12)	16
39	(24, 39, 12)	17
40	(24, 39, 40)	18
15	(15, 39, 40)	19
40	(15, 39, 40)	19
12	(15, 12, 40)	20
8	(15, 12, 8)	21
30	(30, 12, 8)	22
4	(30, 4, 8)	23
32	(30, 4, 32)	24
17	(17, 4, 32)	25
12	(17, 12, 32)	26
34	(17, 12, 34)	27
33	(33, 12, 34)	28
27	(33, 27, 34)	29
31	(33, 27, 31)	30
27	(33, 27, 31)	30
36	(36, 27, 31)	31
39	(36, 39, 31)	32
23	(36, 39, 23)	33
14	(14, 39, 23)	34
23	(14, 39, 23)	34
15	(14, 15, 23)	35
6	(14, 15, 6)	36
22	(22, 15, 6)	37
34	(22, 34, 6)	38
28	(22, 34, 28)	39
5	(5, 34, 28)	40
31	(5, 31, 28)	41
18	(5, 31, 18)	42
23	(23, 31, 18)	43
15	(23, 15, 18)	44
25	(23, 15, 25)	45
39	(39, 15, 25)	46
14	(39, 14, 25)	47
38	(39, 14, 38)	48
31	(31, 14, 38)	49
20	(31, 20, 38)	50
37	(31, 20, 37)	51
29	(29, 20, 37)	52
20	(29, 20, 37)	52
22	(29, 22, 37)	53
1	(29, 22, 1)	54
36	(36, 22, 1)	55
14	(36, 14, 1)	56
10	(36, 14, 10)	57
26	(26, 14, 10)	58
8	(26, 8, 10)	59
37	(26, 8, 37)	60
29	(29, 8, 37)	61
8	(29, 8, 37)	61
40	(29, 40, 37)	62
35	(29, 40, 35)	63
31	(31, 40, 35)	64
38	(31, 38, 35)	65
29	(31, 38, 29)	66
11	(11, 38, 29)	67
37	(11, 37, 29)	68
13	(11, 37, 13)	69
33	(33, 37, 13)	70
17	(33, 17, 13)	71
6	(33, 17, 6)	72
11	(11, 17, 6)	73
8	(11, 8, 6)	74
2	(11, 8, 2)	75
9	(9, 8, 2)	76
14	(9, 14, 2)	77
28	(9, 14, 28)	78
20	(20, 14, 28)	79
2	(20, 2, 28)	80
35	(20, 2, 35)	81
27	(27, 2, 35)	82
29	(27, 29, 35)	83
26	(27, 29, 26)	84
8	(8, 29, 26)	85
3	(8, 3, 26)	86
24	(8, 3, 24)	87
7	(7, 3, 24)	88
8	(7, 8, 24)	89
9	(7, 8, 9)	90
40	(40, 8, 9)	91
11	(40, 11, 9)	92
40	(40, 11, 9)	92
18	(40, 11, 18)	93
3	(3, 11, 18)	94
40	(3, 40, 18)	95
7	(3, 40, 7)	96
13	(13, 40, 7)	97
6	(13, 6, 7)	98
33	(13, 6, 33)	99
19	(19, 6, 33)	100
19	(19, 6, 33)	100
4	(19, 4, 33)	101
39	(19, 4, 39)	102
18	(18, 4, 39)	103
15	(18, 15, 39)	104
7	(18, 15, 7)	105
27	(27, 15, 7)	106
33	(27, 33, 7)	107
11	(27, 33, 11)	108
24	(24, 33, 11)	109
29	(24, 29, 11)	110
29	(24, 29, 11)	110
20	(24, 29, 20)	111
29	(24, 29, 20)	111
34	(34, 29, 20)	112
11	(34, 11, 20)	113
27	(34, 11, 27)	114
36	(36, 11, 27)	115
30	(36, 30, 27)	116

FIFO2:		
OBECNA STRONA	KOLEJKA	ILOSC BLEDOW
10	(10, 0, 0, 0)	1
18	(10, 18, 0)	2
21	(10, 18, 21)	3
5	(10, 18, 21)	4
4	(10, 18, 21)	5
2	(10, 18, 21)	6
8	(10, 18, 21)	7
33	(10, 18, 21)	8
30	(10, 18, 21)	9
36	(10, 18, 21)	10
38	(10, 18, 21)	11
15	(10, 18, 21)	12
22	(10, 18, 21)	13
27	(10, 18, 21)	14
12	(10, 18, 21)	15
24	(10, 18, 21)	16
39	(10, 18, 21)	17
40	(10, 18, 21)	18
15	(10, 18, 21)	19
40	(10, 18, 21)	20
12	(10, 18, 21)	21
8	(10, 18, 21)	22
30	(10, 18, 21)	23
4	(10, 18, 21)	24
32	(10, 18, 21)	25
17	(10, 18, 21)	26
12	(10, 18, 21)	27
34	(10, 18, 21)	28
33	(10, 18, 21)	29
27	(10, 18, 21)	30
31	(10, 18, 21)	31
27	(10, 18, 21)	32
36	(10, 18, 21)	33
39	(10, 18, 21)	34
23	(10, 18, 21)	35
14	(10, 18, 21)	36
23	(10, 18, 21)	37
15	(10, 18, 21)	38
6	(10, 18, 21)	39
22	(10, 18, 21)	40
34	(10, 18, 21)	41
28	(10, 18, 21)	42
5	(10, 18, 21)	43
31	(10, 18, 21)	44
18	(10, 18, 21)	44
23	(10, 18, 21)	45
15	(10, 18, 21)	46
25	(10, 18, 21)	47
39	(10, 18, 21)	48
14	(10, 18, 21)	49
38	(10, 18, 21)	50
31	(10, 18, 21)	51
20	(10, 18, 21)	52
37	(10, 18, 21)	53
29	(10, 18, 21)	54
20	(10, 18, 21)	55
22	(10, 18, 21)	56
1	(10, 18, 21)	57
36	(10, 18, 21)	58
14	(10, 18, 21)	59
10	(10, 18, 21)	59
26	(10, 18, 21)	60
8	(10, 18, 21)	61
37	(10, 18, 21)	62
29	(10, 18, 21)	63
8	(10, 18, 21)	64
40	(10, 18, 21)	65
35	(10, 18, 21)	66
31	(10, 18, 21)	67
38	(10, 18, 21)	68
29	(10, 18, 21)	69
11	(10, 18, 21)	70
37	(10, 18, 21)	71
13	(10, 18, 21)	72
33	(10, 18, 21)	73
17	(10, 18, 21)	74
6	(10, 18, 21)	75
11	(10, 18, 21)	76
8	(10, 18, 21)	77
2	(10, 18, 21)	78
9	(10, 18, 21)	79
14	(10, 18, 21)	80
28	(10, 18, 21)	81
20	(10, 18, 21)	82
2	(10, 18, 21)	83
35	(10, 18, 21)	84
27	(10, 18, 21)	85
29	(10, 18, 21)	86
26	(10, 18, 21)	87
8	(10, 18, 21)	88
3	(10, 18, 21)	89
24	(10, 18, 21)	90
7	(10, 18, 21)	91
8	(10, 18, 21)	92
9	(10, 18, 21)	93
40	(10, 18, 21)	94
11	(10, 18, 21)	95
40	(10, 18, 21)	96
18	(10, 18, 21)	96
3	(10, 18, 21)	97
40	(10, 18, 21)	98
7	(10, 18, 21)	99
13	(10, 18, 21)	100
6	(10, 18, 21)	101
33	(10, 18, 21)	102
19	(10, 18, 21)	103
19	(10, 18, 21)	104
4	(10, 18, 21)	105
39	(10, 18, 21)	106
18	(10, 18, 21)	106
15	(10, 18, 21)	107
7	(10, 18, 21)	108
27	(10, 18, 21)	109
33	(10, 18, 21)	110
11	(10, 18, 21)	111
24	(10, 18, 21)	112
29	(10, 18, 21)	113
29	(10, 18, 21)	114
20	(10, 18, 21)	115
29	(10, 18, 21)	116
34	(10, 18, 21)	117
11	(10, 18, 21)	118
27	(10, 18, 21)	119
36	(10, 18, 21)	120
30	(10, 18, 21)	121



LRU:		
OBECNA STRONA	KOLEJKA	ILOSC BLEDOW
10	(10, 0, 0)	1
18	(18, 10, 0)	2
21	(21, 18, 10)	3
5	(5, 21, 18)	4
4	(4, 5, 21)	5
2	(2, 4, 5)	6
8	(8, 2, 4)	7
33	(33, 8, 2)	8
30	(30, 33, 8)	9
36	(36, 30, 33)	10
38	(38, 36, 30)	11
15	(15, 38, 36)	12
22	(22, 15, 38)	13
27	(27, 22, 15)	14
12	(12, 27, 22)	15
24	(24, 12, 27)	16
39	(39, 24, 12)	17
40	(40, 39, 24)	18
15	(15, 40, 39)	19
40	(40, 15, 39)	19
12	(12, 40, 15)	20
8	(8, 12, 40)	21
30	(30, 8, 12)	22
4	(4, 30, 8)	23
32	(32, 4, 30)	24
17	(17, 32, 4)	25
12	(12, 17, 32)	26
34	(34, 12, 17)	27
33	(33, 34, 12)	28
27	(27, 33, 34)	29
31	(31, 27, 33)	30
27	(27, 31, 33)	30
36	(36, 27, 31)	31
39	(39, 36, 27)	32
23	(23, 39, 36)	33
14	(14, 23, 39)	34
23	(23, 14, 39)	34
15	(15, 23, 14)	35
6	(6, 15, 23)	36
22	(22, 6, 15)	37
34	(34, 22, 6)	38
28	(28, 34, 22)	39
5	(5, 28, 34)	40
31	(31, 5, 28)	41
18	(18, 31, 5)	42
23	(23, 18, 31)	43
15	(15, 23, 18)	44
25	(25, 15, 23)	45
39	(39, 25, 15)	46
14	(14, 39, 25)	47
38	(38, 14, 39)	48
31	(31, 38, 14)	49
20	(20, 31, 38)	50
37	(37, 20, 31)	51
29	(29, 37, 20)	52
20	(20, 29, 37)	52
22	(22, 20, 29)	53
1	(1, 22, 20)	54
36	(36, 1, 22)	55
14	(14, 36, 1)	56
10	(10, 14, 36)	57
26	(26, 10, 14)	58
8	(8, 26, 10)	59
37	(37, 8, 26)	60
29	(29, 37, 8)	61
8	(8, 29, 37)	61
40	(40, 8, 29)	62
35	(35, 40, 8)	63
31	(31, 35, 40)	64
38	(38, 31, 35)	65
29	(29, 38, 31)	66
11	(11, 29, 38)	67
37	(37, 11, 29)	68
13	(13, 37, 11)	69
33	(33, 13, 37)	70
17	(17, 33, 13)	71
6	(6, 17, 33)	72
11	(11, 6, 17)	73
8	(8, 11, 6)	74
2	(2, 8, 11)	75
9	(9, 2, 8)	76
14	(14, 9, 2)	77
28	(28, 14, 9)	78
20	(20, 28, 14)	79
2	(2, 20, 28)	80
35	(35, 2, 20)	81
27	(27, 35, 2)	82
29	(29, 27, 35)	83
26	(26, 29, 27)	84
8	(8, 26, 29)	85
3	(3, 8, 26)	86
24	(24, 3, 8)	87
7	(7, 24, 3)	88
8	(8, 7, 24)	89
9	(9, 8, 7)	90
40	(40, 9, 8)	91
11	(11, 40, 9)	92
40	(40, 11, 9)	92
18	(18, 40, 11)	93
3	(3, 18, 40)	94
40	(40, 3, 18)	94
7	(7, 40, 3)	95
13	(13, 7, 40)	96
6	(6, 13, 7)	97
33	(33, 6, 13)	98
19	(19, 33, 6)	99
19	(19, 33, 6)	99
4	(4, 19, 33)	100
39	(39, 4, 19)	101
18	(18, 39, 4)	102
15	(15, 18, 39)	103
7	(7, 15, 18)	104
27	(27, 7, 15)	105
33	(33, 27, 7)	106
11	(11, 33, 27)	107
24	(24, 11, 33)	108
29	(29, 24, 11)	109
29	(29, 24, 11)	109
20	(20, 29, 24)	110
29	(29, 20, 24)	110
34	(34, 29, 20)	111
11	(11, 34, 29)	112
27	(27, 11, 34)	113
36	(36, 27, 11)	114
30	(30, 36, 27)	115



LRU2:		
OBECNA STRONA	KOLEJKA	ILOSC BLEDOW
10	(10, 0, 0, 0)	1
18	(18, 10, 0)	2
21	(21, 18, 10)	3
5	(5, 21, 18)	4
4	(4, 5, 21)	5
2	(2, 4, 5)	6
8	(8, 2, 4)	7
33	(33, 8, 2)	8
30	(30, 33, 8)	9
36	(36, 30, 33)	10
38	(38, 36, 30)	11
15	(15, 38, 36)	12
22	(22, 15, 38)	13
27	(27, 22, 15)	14
12	(12, 27, 22)	15
24	(24, 12, 27)	16
39	(39, 24, 12)	17
40	(40, 39, 24)	18
15	(15, 40, 39)	19
40	(40, 15, 39)	19
12	(12, 40, 15)	20
8	(8, 12, 40)	21
30	(30, 8, 12)	22
4	(4, 30, 8)	23
32	(32, 4, 30)	24
17	(17, 32, 4)	25
12	(12, 17, 32)	26
34	(34, 12, 17)	27
33	(33, 34, 12)	28
27	(27, 33, 34)	29
31	(31, 27, 33)	30
27	(27, 31, 33)	30
36	(36, 27, 31)	31
39	(39, 36, 27)	32
23	(23, 39, 36)	33
14	(14, 23, 39)	34
23	(23, 14, 39)	34
15	(15, 23, 14)	35
6	(6, 15, 23)	36
22	(22, 6, 15)	37
34	(34, 22, 6)	38
28	(28, 34, 22)	39
5	(5, 28, 34)	40
31	(31, 5, 28)	41
18	(18, 31, 5)	42
23	(23, 18, 31)	43
15	(15, 23, 18)	44
25	(25, 15, 23)	45
39	(39, 25, 15)	46
14	(14, 39, 25)	47
38	(38, 14, 39)	48
31	(31, 38, 14)	49
20	(20, 31, 38)	50
37	(37, 20, 31)	51
29	(29, 37, 20)	52
20	(20, 29, 37)	52
22	(22, 20, 29)	53
1	(1, 22, 20)	54
36	(36, 1, 22)	55
14	(14, 36, 1)	56
10	(10, 14, 36)	57
26	(26, 10, 14)	58
8	(8, 26, 10)	59
37	(37, 8, 26)	60
29	(29, 37, 8)	61
8	(8, 29, 37)	61
40	(40, 8, 29)	62
35	(35, 40, 8)	63
31	(31, 35, 40)	64
38	(38, 31, 35)	65
29	(29, 38, 31)	66
11	(11, 29, 38)	67
37	(37, 11, 29)	68
13	(13, 37, 11)	69
33	(33, 13, 37)	70
17	(17, 33, 13)	71
6	(6, 17, 33)	72
11	(11, 6, 17)	73
8	(8, 11, 6)	74
2	(2, 8, 11)	75
9	(9, 2, 8)	76
14	(14, 9, 2)	77
28	(28, 14, 9)	78
20	(20, 28, 14)	79
2	(2, 20, 28)	80
35	(35, 2, 20)	81
27	(27, 35, 2)	82
29	(29, 27, 35)	83
26	(26, 29, 27)	84
8	(8, 26, 29)	85
3	(3, 8, 26)	86
24	(24, 3, 8)	87
7	(7, 24, 3)	88
8	(8, 7, 24)	89
9	(9, 8, 7)	90
40	(40, 9, 8)	91
11	(11, 40, 9)	92
40	(40, 11, 9)	92
18	(18, 40, 11)	93
3	(3, 18, 40)	94
40	(40, 3, 18)	94
7	(7, 40, 3)	95
13	(13, 7, 40)	96
6	(6, 13, 7)	97
33	(33, 6, 13)	98
19	(19, 33, 6)	99
19	(19, 33, 6)	99
4	(4, 19, 33)	100
39	(39, 4, 19)	101
18	(18, 39, 4)	102
15	(15, 18, 39)	103
7	(7, 15, 18)	104
27	(27, 7, 15)	105
33	(33, 27, 7)	106
11	(11, 33, 27)	107
24	(24, 11, 33)	108
29	(29, 24, 11)	109
29	(29, 24, 11)	109
20	(20, 29, 24)	110
29	(29, 20, 24)	110
34	(34, 29, 20)	111
11	(11, 34, 29)	112
27	(27, 11, 34)	113
36	(36, 27, 11)	114
30	(30, 36, 27)	115
